0,7.30E+07,7.30E+07,4.25E+07,4.39E+07,4.40E+07,4.40E+07,4.40E+07,4.40E+07,4.40E+07,4.40E+07,4.40E+07,4.40E+07,4.30E+07,4.16E+07,4.02E+07,3.91E+07,3.84E+07,3.80E+07,3.82E+07,3.88E+07,3.98E+07,4.11E+07,4.38E+07,4.38E+07,4.37E+07,4.37E+07,4.37E+07,4.34E+07,4.13E+07,3.93E+07,3.76E+07,3.63E+07,3.57E+07,3.58E+07,3.67E+07,3.82E+07,4.01E+07,4.21E+07,4.41E+07,4.38E+07,4.38E+07,4.38E+07,4.38E+07,4.38E+07,4.32E+07,4.14E+07,3.97E+07,3.82E+07,3.71E+07,3.66E+07,3.68E+07,3.76E+07,3.89E+07,4.05E+07,4.23E+07,4.40E+07,4.38E+07,4.38E+07,4.38E+07,4.38E+07,4.38E+07,4.38E+07,3.81E+07,3.74E+07,3.73E+07,3.78E+07,3.87E+07,4.00E+07,4.16E+07,4.32E+07,4.45E+07,4.40E+07,4.40E+07,4.39E+07,4.39E+07,4.39E+07,4.39E+07,4.39E+07,4.39E+07,4.23E+07,4.07E+07,3.92E+07,3.63E+07,3.78E+07,3.98E+07,4.19E+07,4.40E+07,4.37E+07,4.37E+07,4.37E+07,4.37E+07,4.37E+07,4.37E+07,4.37E+07,4.37E+07,4.35E+07,4.14E+07,3.93E+07,3.74E+07,3.61E+07,3.54E+07,3.55E+07,4.39E+07,5.44E+07,5.25E+07,3.98E+07,3.27E+07,5.69E+07,4.11E+07,2.56E+07,3.95E+07,5.61E+07
7.30E+07,0,7.30E+07,3.65E+07,3.61E+07,3.65E+07,3.75E+07,3.90E+07,4.08E+07,4.27E+07,4.45E+07,4.38E+07,4.38E+07,4.38E+07,4.38E+07,4.38E+07,4.38E+07,4.38E+07,4.38E+07,4.28E+07,4.08E+07,3.90E+07,3.75E+07,3.74E+07,3.89E+07,4.07E+07,4.27E+07,4.45E+07,4.37E+07,4.37E+07,4.37E+07,4.37E+07,4.38E+07,4.38E+07,4.38E+07,4.38E+07,4.28E+07,4.08E+07,3.90E+07,3.75E+07,3.64E+07,3.61E+07,3.64E+07,4.40E+07,4.40E+07,4.40E+07,4.40E+07,4.40E+07,4.40E+07,4.40E+07,4.38E+07,4.24E+07,4.09E+07,3.96E+07,3.86E+07,3.79E+07,3.78E+07,3.82E+07,3.90E+07,4.02E+07,4.16E+07,4.31E+07,4.45E+07,4.37E+07,4.37E+07,4.37E+07,4.37E+07,4.28E+07,4.06E+07,3.85E+07,3.68E+07,3.56E+07,3.52E+07,3.56E+07,3.67E+07,3.85E+07,4.05E+07,4.27E+07,4.45E+07,4.37E+07,4.37E+07,4.37E+07,4.37E+07,4.32E+07,4.18E+07,4.03E+07,3.91E+07,3.82E+07,3.77E+07,3.78E+07,3.84E+07,3.94E+07,4.08E+07,4.22E+07,4.37E+07,4.39E+07,4.39E+07,4.39E+07,4.39E+07,4.39E+07,4.39E+07,4.39E+07,4.40E+07,3.01E+07,3.42E+07,5.16E+07,5.70E+07,4.73E+07,4.34E+07,5.57E+07,5.36E+07,3.90E+07,3.02E+07
7.30E+07,7.30E+07,0,4.37E+07,4.37E+07,4.37E+07,4.37E+07,4.22E+07,4.01E+07,3.82E+07,3.67E+07,3.58E+07,3.56E+07,3.62E+07,3.75E+07,3.92E+07,4.12E+07,4.33E+07,4.45E+07,4.37E+07,4.37E+07,4.37E+07,4.37E+07,4.13E+07,4.00E+07,3.89E+07,3.83E+07,3.80E+07,3.83E+07,3.90E+07,4.01E+07,4.14E+07,4.28E+07,4.42E+07,4.40E+07,4.40E+07,4.40E+07,4.40E+07,4.40E+07,4.40E+07,4.40E+07,4.40E+07,4.27E+07,3.54E+07,3.61E+07,3.74E+07,3.92E+07,4.13E+07,4.35E+07,4.37E+07,4.37E+07,4.37E+07,4.37E+07,4.37E+07,4.37E+07,4.37E+07,4.37E+07,4.37E+07,4.20E+07,3.99E+07,3.79E+07,3.64E+07,3.55E+07,4.05E+07,4.21E+07,4.37E+07,4.38E+07,4.39E+07,4.39E+07,4.39E+07,4.39E+07,4.39E+07,4.39E+07,4.39E+07,4.33E+07,4.17E+07,4.01E+07,3.87E+07,3.77E+07,3.72E+07,3.73E+07,3.80E+07,3.91E+07,4.39E+07,4.39E+07,4.39E+07,4.39E+07,4.39E+07,4.38E+07,4.24E+07,4.06E+07,3.90E+07,3.77E+07,3.69E+07,3.67E+07,3.72E+07,3.82E+07,3.96E+07,4.13E+07,4.31E+07,4.45E+07,4.39E+07,4.39E+07,5.70E+07,4.51E+07,2.76E+07,3.57E+07,5.36E+07,3.25E+07,3.72E+07,5.14E+07,5.56E+07,4.59E+07
4.25E+07,3.65E+07,4.37E+07,0,2.18E+06,4.30E+06,0,0,0,0,0,0,0,0,0,0,0,0,0,0,0,4.30E+06,2.18E+06,5.62E+06,0,0,0,0,0,0,0,0,0,0,0,0,0,0,5.13E+06,5.58E+06,5.16E+06,5.12E+06,5.14E+06,0,0,0,0,0,0,0,0,0,5.10E+06,4.23E+06,4.19E+06,5.00E+06,5.57E+06,4.52E+06,4.71E+06,5.10E+06,0,0,0,0,0,0,5.10E+06,4.71E+06,4.52E+06,4.03E+06,2.62E+06,2.51E+06,3.82E+06,5.56E+06,0,0,0,0,0,0,0,0,0,5.15E+06,5.12E+06,5.16E+06,5.08E+06,5.13E+06,0,0,0,0,0,0,0,0,0,0,0,0,0,0,5.62E+06,9.82E+06,1.53E+07,1.77E+07,1.76E+07,1.67E+07,1.75E+07,1.81E+07,1.82E+07,1.39E+07,1.52E+07
4.39E+07,3.61E+07,4.37E+07,2.18E+06,0,2.18E+06,4.30E+06,0,0,0,0,0,0,0,0,0,0,0,0,0,0,0,4.30E+06,5.14E+06,5.62E+06,0,0,0,0,0,0,0,0,0,0,0,0,0,0,5.13E+06,5.12E+06,5.16E+06,5.12E+06,0,0,0,0,0,0,0,0,0,0,5.56E+06,5.56E+06,4.52E+06,4.44E+06,4.44E+06,4.51E+06,4.71E+06,5.10E+06,0,0,0,0,0,0,5.10E+06,4.71E+06,3.25E+06,1.10E+06,1.11E+06,3.25E+06,5.33E+06,5.17E+06,0,0,0,0,0,0,0,0,5.62E+06,5.14E+06,5.05E+06,3.97E+06,3.73E+06,4.49E+06,0,0,0,0,0,0,0,0,0,0,0,0,0,0,1.07E+07,1.32E+07,1.77E+07,1.76E+07,1.82E+07,1.76E+07,1.80E+07,1.75E+07,1.60E+07,1.49E+07
4.40E+07,3.65E+07,4.37E+07,4.30E+06,2.18E+06,0,2.18E+06,4.30E+06,0,0,0,0,0,0,0,0,0,0,0,0,0,0,0,5.13E+06,5.14E+06,5.62E+06,0,0,0,0,0,0,0,0,0,0,0,0,0,0,5.13E+06,5.12E+06,5.16E+06,0,0,0,0,0,0,0,0,0,0,0,5.17E+06,4.73E+06,4.52E+06,4.44E+06,4.43E+06,4.52E+06,4.71E+06,5.10E+06,0,0,0,0,0,0,5.10E+06,3.65E+06,2.22E+06,2.35E+06,3.88E+06,5.56E+06,4.72E+06,5.17E+06,0,0,0,0,0,0,0,0,5.62E+06,5.14E+06,3.69E+06,2.28E+06,2.39E+06,3.89E+06,0,0,0,0,0,0,0,0,0,0,0,0,0,1.24E+07,1.13E+07,1.77E+07,1.76E+07,1.77E+07,1.63E+07,1.79E+07,1.75E+07,1.80E+07,1.50E+07
4.40E+07,3.75E+07,4.37E+07,0,4.30E+06,2.18E+06,0,2.18E+06,4.30E+06,0,0,0,0,0,0,0,0,0,0,0,0,0,0,5.05E+06,4.80E+06,5.14E+06,5.62E+06,0,0,0,0,0,0,0,0,0,0,0,0,0,0,5.13E+06,5.12E+06,0,0,0,0,0,0,0,0,0,0,0,0,5.17E+06,4.72E+06,4.52E+06,4.44E+06,4.44E+06,4.52E+06,4.71E+06,5.10E+06,0,0,0,0,0,0,4.93E+06,4.20E+06,4.33E+06,5.24E+06,5.57E+06,4.52E+06,4.73E+06,5.17E+06,0,0,0,0,0,0,0,0,5.62E+06,4.44E+06,2.33E+06,3.65E+05,2.07E+06,4.19E+06,0,0,0,0,0,0,0,0,0,0,0,0,1.45E+07,1.01E+07,1.75E+07,1.76E+07,1.77E+07,1.43E+07,1.78E+07,1.76E+07,1.80E+07,1.54E+07
4.40E+07,3.90E+07,4.22E+07,0,0,4.30E+06,2.18E+06,0,2.18E+06,4.30E+06,0,0,0,0,0,0,0,0,0,0,0,0,0,4.83E+06,3.66E+06,3.40E+06,4.26E+06,5.62E+06,0,0,0,0,0,0,0,0,0,0,0,0,0,0,5.13E+06,5.10E+06,0,0,0,0,0,0,0,0,0,0,0,0,5.17E+06,4.72E+06,4.52E+06,4.43E+06,4.44E+06,4.52E+06,4.71E+06,0,0,0,0,0,0,0,5.61E+06,5.59E+06,4.52E+06,4.44E+06,4.43E+06,4.52E+06,4.73E+06,5.17E+06,0,0,0,0,0,0,0,0,5.62E+06,3.82E+06,2.01E+06,1.59E+06,3.20E+06,5.14E+06,0,0,0,0,0,0,0,0,0,0,0,1.67E+07,9.86E+06,1.54E+07,1.76E+07,1.77E+07,1.24E+07,1.70E+07,1.76E+07,1.80E+07,1.61E+07
4.40E+07,4.08E+07,4.01E+07,0,0,0,4.30E+06,2.18E+06,0,2.18E+06,4.30E+06,0,0,0,0,0,0,0,0,0,0,0,0,5.13E+06,3.44E+06,1.91E+06,2.13E+06,3.81E+06,5.63E+06,0,0,0,0,0,0,0,0,0,0,0,0,0,0,4.71E+06,5.10E+06,0,0,0,0,0,0,0,0,0,0,0,0,5.17E+06,4.72E+06,4.52E+06,4.43E+06,4.44E+06,4.52E+06,0,0,0,0,0,0,0,0,5.10E+06,4.71E+06,4.52E+06,4.44E+06,4.44E+06,4.52E+06,4.73E+06,5.17E+06,0,0,0,0,0,0,0,0,5.63E+06,4.12E+06,3.16E+06,3.38E+06,4.61E+06,5.13E+06,0,0,0,0,0,0,0,0,0,0,1.83E+07,1.07E+07,1.32E+07,1.76E+07,1.77E+07,1.10E+07,1.55E+07,1.76E+07,1.79E+07,1.69E+07
4.40E+07,4.27E+07,3.82E+07,0,0,0,0,4.30E+06,2.18E+06,0,2.18E+06,4.30E+06,0,0,0,0,0,0,0,0,0,0,0,0,4.32E+06,2.20E+06,47317,2.16E+06,4.28E+06,5.62E+06,0,0,0,0,0,0,0,0,0,0,0,0,0,4.51E+06,4.50E+06,5.03E+06,0,0,0,0,0,0,0,0,0,0,0,0,5.17E+06,4.73E+06,4.52E+06,4.44E+06,4.44E+06,0,0,0,0,0,0,0,0,0,5.10E+06,4.71E+06,4.52E+06,4.44E+06,4.44E+06,4.52E+06,4.72E+06,5.17E+06,0,0,0,0,0,0,0,0,5.62E+06,5.09E+06,4.58E+06,4.85E+06,5.58E+06,5.13E+06,0,0,0,0,0,0,0,0,0,1.76E+07,1.24E+07,1.13E+07,1.76E+07,1.77E+07,1.04E+07,1.42E+07,1.76E+07,1.78E+07,1.79E+07
4.40E+07,4.45E+07,3.67E+07,0,0,0,0,0,4.30E+06,2.18E+06,0,2.18E+06,4.30E+06,0,0,0,0,0,0,0,0,0,0,0,0,3.87E+06,2.22E+06,1.97E+06,3.45E+06,5.31E+06,5.62E+06,0,0,0,0,0,0,0,0,0,0,0,0,2.85E+06,2.44E+06,3.56E+06,5.25E+06,0,0,0,0,0,0,0,0,0,0,0,0,5.17E+06,4.73E+06,4.52E+06,4.36E+06,0,0,0,0,0,0,0,0,0,0,5.10E+06,4.71E+06,4.52E+06,4.43E+06,4.44E+06,4.52E+06,4.72E+06,5.17E+06,0,0,0,0,0,0,0,0,5.62E+06,5.14E+06,5.58E+06,5.57E+06,5.12E+06,5.13E+06,0,0,0,0,0,0,0,0,1.76E+07,1.45E+07,1.01E+07,1.75E+07,1.77E+07,1.08E+07,1.32E+07,1.77E+07,1.78E+07,1.76E+07
4.40E+07,4.38E+07,3.58E+07,0,0,0,0,0,0,4.30E+06,2.18E+06,0,2.18E+06,4.30E+06,0,0,0,0,0,0,0,0,0,0,0,0,4.34E+06,3.49E+06,3.71E+06,4.84E+06,5.14E+06,5.62E+06,0,0,0,0,0,0,0,0,0,0,0,1.50E+06,7.29E+05,2.87E+06,4.96E+06,5.10E+06,0,0,0,0,0,0,0,0,0,0,0,0,5.17E+06,4.73E+06,3.64E+06,0,0,0,0,0,0,0,0,0,0,0,5.10E+06,4.71E+06,4.51E+06,4.43E+06,4.44E+06,4.52E+06,4.73E+06,5.17E+06,0,0,0,0,0,0,0,0,5.62E+06,5.14E+06,5.13E+06,5.16E+06,5.12E+06,5.13E+06,0,0,0,0,0,0,0,1.76E+07,1.67E+07,9.83E+06,1.53E+07,1.77E+07,1.21E+07,1.27E+07,1.77E+07,1.77E+07,1.76E+07
4.40E+07,4.38E+07,3.56E+07,0,0,0,0,0,0,0,4.30E+06,2.18E+06,0,2.18E+06,4.30E+06,0,0,0,0,0,0,0,0,0,0,0,0,5.36E+06,4.87E+06,5.09E+06,5.58E+06,5.15E+06,5.62E+06,0,0,0,0,0,0,0,0,0,0,2.37E+06,2.13E+06,3.54E+06,5.36E+06,4.71E+06,5.10E+06,0,0,0,0,0,0,0,0,0,0,0,0,5.17E+06,3.95E+06,0,0,0,0,0,0,0,0,0,0,0,0,5.10E+06,4.71E+06,4.52E+06,4.44E+06,4.43E+06,4.52E+06,4.50E+06,5.16E+06,0,0,0,0,0,0,0,0,5.62E+06,5.15E+06,5.12E+06,5.16E+06,5.12E+06,5.13E+06,0,0,0,0,0,0,1.76E+07,1.83E+07,1.07E+07,1.32E+07,1.76E+07,1.39E+07,1.28E+07,1.78E+07,1.77E+07,1.77E+07
4.30E+07,4.38E+07,3.62E+07,0,0,0,0,0,0,0,0,4.30E+06,2.18E+06,0,2.18E+06,4.30E+06,0,0,0,0,0,0,0,0,0,0,0,0,5.13E+06,5.58E+06,5.16E+06,5.12E+06,5.14E+06,5.62E+06,0,0,0,0,0,0,0,0,0,4.23E+06,4.19E+06,5.00E+06,5.57E+06,4.52E+06,4.71E+06,5.10E+06,0,0,0,0,0,0,0,0,0,0,0,0,5.10E+06,5.56E+06,0,0,0,0,0,0,0,0,0,0,0,0,5.10E+06,4.71E+06,4.52E+06,4.03E+06,2.62E+06,2.51E+06,3.82E+06,0,0,0,0,0,0,0,0,0,5.62E+06,5.15E+06,5.12E+06,5.16E+06,5.08E+06,5.13E+06,0,0,0,0,0,1.76E+07,1.77E+07,1.24E+07,1.13E+07,1.76E+07,1.59E+07,1.36E+07,1.77E+07,1.76E+07,1.77E+07
4.16E+07,4.38E+07,3.75E+07,0,0,0,0,0,0,0,0,0,4.30E+06,2.18E+06,0,2.18E+06,4.30E+06,0,0,0,0,0,0,0,0,0,0,0,0,5.13E+06,5.12E+06,5.16E+06,5.12E+06,5.14E+06,5.62E+06,0,0,0,0,0,0,0,0,5.56E+06,5.56E+06,4.52E+06,4.44E+06,4.44E+06,4.51E+06,4.71E+06,5.10E+06,0,0,0,0,0,0,0,0,0,0,0,0,5.33E+06,5.17E+06,0,0,0,0,0,0,0,0,0,0,0,0,5.10E+06,4.71E+06,3.25E+06,1.10E+06,1.11E+06,3.25E+06,0,0,0,0,0,0,0,0,0,0,5.62E+06,5.14E+06,5.05E+06,3.97E+06,3.73E+06,4.49E+06,0,0,0,0,1.76E+07,1.77E+07,1.45E+07,1.01E+07,1.75E+07,1.79E+07,1.47E+07,1.63E+07,1.76E+07,1.78E+07
4.02E+07,4.38E+07,3.92E+07,0,0,0,0,0,0,0,0,0,0,4.30E+06,2.18E+06,0,2.18E+06,4.30E+06,0,0,0,0,0,0,0,0,0,0,0,0,5.13E+06,5.12E+06,5.16E+06,5.13E+06,5.14E+06,5.62E+06,0,0,0,0,0,0,0,0,5.17E+06,4.73E+06,4.52E+06,4.44E+06,4.43E+06,4.52E+06,4.71E+06,5.10E+06,0,0,0,0,0,0,0,0,0,0,0,5.56E+06,4.72E+06,5.17E+06,0,0,0,0,0,0,0,0,0,0,0,0,5.10E+06,3.65E+06,2.22E+06,2.35E+06,3.88E+06,0,0,0,0,0,0,0,0,0,0,0,5.62E+06,5.14E+06,3.69E+06,2.28E+06,2.39E+06,3.89E+06,0,0,0,1.76E+07,1.76E+07,1.67E+07,9.84E+06,1.54E+07,1.76E+07,1.62E+07,1.50E+07,1.76E+07,1.78E+07
3.91E+07,4.38E+07,4.12E+07,0,0,0,0,0,0,0,0,0,0,0,4.30E+06,2.18E+06,0,2.18E+06,4.30E+06,0,0,0,0,0,0,0,0,0,0,0,0,5.13E+06,5.12E+06,5.05E+06,4.80E+06,5.14E+06,5.62E+06,0,0,0,0,0,0,0,0,5.17E+06,4.72E+06,4.52E+06,4.44E+06,4.44E+06,4.52E+06,4.71E+06,5.10E+06,0,0,0,0,0,0,0,0,0,0,5.57E+06,4.52E+06,4.73E+06,5.17E+06,0,0,0,0,0,0,0,0,0,0,0,0,4.93E+06,4.20E+06,4.33E+06,5.24E+06,0,0,0,0,0,0,0,0,0,0,0,0,5.62E+06,4.44E+06,2.33E+06,3.65E+05,2.07E+06,4.19E+06,0,0,1.77E+07,1.76E+07,1.83E+07,1.07E+07,1.32E+07,1.76E+07,1.77E+07,1.40E+07,1.62E+07,1.79E+07
3.84E+07,4.38E+07,4.33E+07,0,0,0,0,0,0,0,0,0,0,0,0,4.30E+06,2.18E+06,0,2.18E+06,4.30E+06,0,0,0,0,0,0,0,0,0,0,0,0,5.13E+06,4.83E+06,3.66E+06,3.40E+06,4.26E+06,5.62E+06,0,0,0,0,0,0,0,0,5.17E+06,4.72E+06,4.52E+06,4.43E+06,4.44E+06,4.52E+06,4.71E+06,5.10E+06,0,0,0,0,0,0,0,0,0,4.44E+06,4.43E+06,4.52E+06,4.73E+06,5.17E+06,0,0,0,0,0,0,0,0,0,0,0,0,5.61E+06,5.59E+06,4.52E+06,0,0,0,0,0,0,0,0,0,0,0,0,0,5.62E+06,3.82E+06,2.01E+06,1.59E+06,3.20E+06,5.14E+06,0,1.77E+07,1.76E+07,1.76E+07,1.24E+07,1.13E+07,1.76E+07,1.78E+07,1.33E+07,1.40E+07,1.80E+07
3.80E+07,4.38E+07,4.45E+07,0,0,0,0,0,0,0,0,0,0,0,0,0,4.30E+06,2.18E+06,0,2.18E+06,4.30E+06,0,0,0,0,0,0,0,0,0,0,0,0,5.13E+06,3.44E+06,1.91E+06,2.13E+06,3.81E+06,5.63E+06,0,0,0,0,0,0,0,0,5.17E+06,4.72E+06,4.52E+06,4.43E+06,4.44E+06,4.52E+06,4.71E+06,5.10E+06,0,0,0,0,0,0,0,0,4.52E+06,4.44E+06,4.44E+06,4.52E+06,4.73E+06,5.17E+06,0,0,0,0,0,0,0,0,0,0,0,0,5.10E+06,4.71E+06,0,0,0,0,0,0,0,0,0,0,0,0,0,0,5.63E+06,4.12E+06,3.16E+06,3.38E+06,4.61E+06,5.13E+06,1.75E+07,1.76E+07,1.76E+07,1.45E+07,1.01E+07,1.76E+07,1.79E+07,1.32E+07,1.21E+07,1.81E+07
3.82E+07,4.28E+07,4.37E+07,0,0,0,0,0,0,0,0,0,0,0,0,0,0,4.30E+06,2.18E+06,0,2.18E+06,4.30E+06,0,0,0,0,0,0,0,0,0,0,0,0,4.32E+06,2.20E+06,47317,2.16E+06,4.28E+06,5.62E+06,0,0,0,0,0,0,0,0,5.17E+06,4.73E+06,4.52E+06,4.44E+06,4.44E+06,4.51E+06,4.50E+06,5.03E+06,0,0,0,0,0,0,0,4.71E+06,4.52E+06,4.44E+06,4.44E+06,4.52E+06,4.72E+06,5.17E+06,0,0,0,0,0,0,0,0,0,0,0,0,5.10E+06,5.13E+06,0,0,0,0,0,0,0,0,0,0,0,0,0,0,5.62E+06,5.09E+06,4.58E+06,4.85E+06,5.58E+06,1.53E+07,1.76E+07,1.77E+07,1.67E+07,9.86E+06,1.75E+07,1.79E+07,1.37E+07,1.07E+07,1.81E+07
3.88E+07,4.08E+07,4.37E+07,0,0,0,0,0,0,0,0,0,0,0,0,0,0,0,4.30E+06,2.18E+06,0,2.18E+06,4.30E+06,0,0,0,0,0,0,0,0,0,0,0,0,3.87E+06,2.22E+06,1.97E+06,3.45E+06,5.31E+06,5.62E+06,0,0,0,0,0,0,0,0,5.17E+06,4.73E+06,4.52E+06,4.36E+06,2.85E+06,2.44E+06,3.56E+06,5.25E+06,0,0,0,0,0,0,5.10E+06,4.71E+06,4.52E+06,4.43E+06,4.44E+06,4.52E+06,4.72E+06,5.17E+06,0,0,0,0,0,0,0,0,0,0,0,0,5.12E+06,5.13E+06,0,0,0,0,0,0,0,0,0,0,0,0,0,0,5.62E+06,5.14E+06,5.58E+06,5.57E+06,1.32E+07,1.76E+07,1.77E+07,1.83E+07,1.07E+07,1.75E+07,1.80E+07,1.46E+07,1.01E+07,1.74E+07
3.98E+07,3.90E+07,4.37E+07,4.30E+06,0,0,0,0,0,0,0,0,0,0,0,0,0,0,0,4.30E+06,2.18E+06,0,2.18E+06,0,0,0,0,0,0,0,0,0,0,0,0,0,4.34E+06,3.49E+06,3.71E+06,4.84E+06,5.14E+06,5.62E+06,0,0,0,0,0,0,0,0,5.17E+06,4.73E+06,3.64E+06,1.50E+06,7.29E+05,2.87E+06,4.96E+06,5.10E+06,0,0,0,0,0,0,5.10E+06,4.71E+06,4.51E+06,4.43E+06,4.44E+06,4.52E+06,4.73E+06,5.17E+06,0,0,0,0,0,0,0,0,0,0,0,5.16E+06,5.12E+06,5.13E+06,0,0,0,0,0,0,0,0,0,0,0,0,0,0,5.62E+06,5.14E+06,5.13E+06,1.13E+07,1.76E+07,1.77E+07,1.76E+07,1.24E+07,1.75E+07,1.81E+07,1.58E+07,1.06E+07,1.65E+07
4.11E+07,3.75E+07,4.37E+07,2.18E+06,4.30E+06,0,0,0,0,0,0,0,0,0,0,0,0,0,0,0,4.30E+06,2.18E+06,0,0,0,0,0,0,0,0,0,0,0,0,0,0,0,5.36E+06,4.87E+06,5.09E+06,5.58E+06,5.15E+06,5.62E+06,0,0,0,0,0,0,0,0,5.17E+06,3.95E+06,2.37E+06,2.13E+06,3.54E+06,5.36E+06,4.71E+06,5.10E+06,0,0,0,0,0,0,5.10E+06,4.71E+06,4.52E+06,4.44E+06,4.43E+06,4.52E+06,4.50E+06,5.16E+06,0,0,0,0,0,0,0,0,0,0,5.12E+06,5.16E+06,5.12E+06,5.13E+06,0,0,0,0,0,0,0,0,0,0,0,0,0,0,5.62E+06,5.15E+06,1.00E+07,1.75E+07,1.77E+07,1.76E+07,1.45E+07,1.75E+07,1.81E+07,1.72E+07,1.20E+07,1.57E+07
4.38E+07,3.74E+07,4.13E+07,5.62E+06,5.14E+06,5.12E+06,5.05E+06,4.83E+06,5.13E+06,0,0,0,0,0,0,0,0,0,0,0,0,0,0,0,2.18E+06,4.30E+06,0,0,0,0,0,0,0,0,0,0,0,0,0,0,0,4.30E+06,2.18E+06,5.62E+06,0,0,0,0,0,0,0,0,0,0,0,0,0,0,5.13E+06,5.12E+06,5.16E+06,5.12E+06,5.14E+06,0,0,0,0,0,0,0,0,0,5.18E+06,4.55E+06,4.70E+06,5.54E+06,4.43E+06,4.51E+06,4.71E+06,5.10E+06,0,0,0,0,0,0,5.10E+06,4.71E+06,4.52E+06,3.45E+06,2.04E+06,2.36E+06,3.98E+06,5.56E+06,0,0,0,0,0,0,0,0,0,1.67E+07,1.18E+07,1.62E+07,1.77E+07,1.77E+07,1.24E+07,1.76E+07,1.77E+07,1.77E+07,1.17E+07
4.38E+07,3.89E+07,4.00E+07,0,5.62E+06,5.14E+06,4.80E+06,3.66E+06,3.44E+06,4.32E+06,0,0,0,0,0,0,0,0,0,0,0,0,0,2.18E+06,0,2.18E+06,4.30E+06,0,0,0,0,0,0,0,0,0,0,0,0,0,0,0,4.30E+06,5.14E+06,5.62E+06,0,0,0,0,0,0,0,0,0,0,0,0,0,0,5.13E+06,5.12E+06,5.16E+06,5.13E+06,0,0,0,0,0,0,0,0,0,0,5.17E+06,4.73E+06,4.52E+06,4.44E+06,4.43E+06,4.52E+06,4.71E+06,5.10E+06,0,0,0,0,0,0,5.10E+06,4.71E+06,2.81E+06,6.84E+05,1.58E+06,3.71E+06,5.56E+06,5.17E+06,0,0,0,0,0,0,0,0,1.81E+07,1.11E+07,1.43E+07,1.78E+07,1.77E+07,1.08E+07,1.76E+07,1.77E+07,1.77E+07,1.36E+07
4.37E+07,4.07E+07,3.89E+07,0,0,5.62E+06,5.14E+06,3.40E+06,1.91E+06,2.20E+06,3.87E+06,0,0,0,0,0,0,0,0,0,0,0,0,4.30E+06,2.18E+06,0,2.18E+06,4.30E+06,0,0,0,0,0,0,0,0,0,0,0,0,0,0,0,5.13E+06,5.14E+06,5.62E+06,0,0,0,0,0,0,0,0,0,0,0,0,0,0,5.13E+06,5.12E+06,5.15E+06,0,0,0,0,0,0,0,0,0,0,0,5.17E+06,4.72E+06,4.52E+06,4.44E+06,4.44E+06,4.52E+06,4.71E+06,5.10E+06,0,0,0,0,0,0,5.10E+06,3.55E+06,2.49E+06,2.94E+06,4.45E+06,5.56E+06,4.73E+06,5.17E+06,0,0,0,0,0,0,0,1.77E+07,1.14E+07,1.26E+07,1.78E+07,1.76E+07,1.01E+07,1.64E+07,1.77E+07,1.77E+07,1.58E+07
4.37E+07,4.27E+07,3.83E+07,0,0,0,5.62E+06,4.26E+06,2.13E+06,47319,2.22E+06,4.34E+06,0,0,0,0,0,0,0,0,0,0,0,0,4.30E+06,2.18E+06,0,2.18E+06,4.30E+06,0,0,0,0,0,0,0,0,0,0,0,0,0,0,4.81E+06,4.54E+06,5.06E+06,5.62E+06,0,0,0,0,0,0,0,0,0,0,0,0,0,0,5.13E+06,5.12E+06,0,0,0,0,0,0,0,0,0,0,0,0,5.17E+06,4.72E+06,4.52E+06,4.43E+06,4.44E+06,4.52E+06,4.71E+06,5.10E+06,0,0,0,0,0,0,5.05E+06,4.56E+06,4.84E+06,5.57E+06,4.43E+06,4.52E+06,4.73E+06,5.17E+06,0,0,0,0,0,0,1.77E+07,1.24E+07,1.14E+07,1.79E+07,1.76E+07,1.04E+07,1.42E+07,1.77E+07,1.76E+07,1.79E+07
4.37E+07,4.45E+07,3.80E+07,0,0,0,0,5.62E+06,3.81E+06,2.16E+06,1.97E+06,3.49E+06,5.36E+06,0,0,0,0,0,0,0,0,0,0,0,0,4.30E+06,2.18E+06,0,2.18E+06,4.30E+06,0,0,0,0,0,0,0,0,0,0,0,0,0,4.57E+06,3.33E+06,3.11E+06,4.10E+06,5.62E+06,0,0,0,0,0,0,0,0,0,0,0,0,0,0,5.13E+06,5.10E+06,0,0,0,0,0,0,0,0,0,0,0,0,5.17E+06,4.73E+06,4.52E+06,4.43E+06,4.44E+06,4.52E+06,4.71E+06,0,0,0,0,0,0,0,5.10E+06,4.71E+06,4.52E+06,4.44E+06,4.44E+06,4.52E+06,4.72E+06,5.17E+06,0,0,0,0,0,1.78E+07,1.40E+07,1.09E+07,1.79E+07,1.76E+07,1.17E+07,1.21E+07,1.77E+07,1.76E+07,1.77E+07
4.34E+07,4.37E+07,3.83E+07,0,0,0,0,0,5.63E+06,4.28E+06,3.45E+06,3.71E+06,4.87E+06,5.13E+06,0,0,0,0,0,0,0,0,0,0,0,0,4.30E+06,2.18E+06,0,2.18E+06,4.30E+06,0,0,0,0,0,0,0,0,0,0,0,0,5.11E+06,3.16E+06,1.53E+06,1.99E+06,3.83E+06,5.62E+06,0,0,0,0,0,0,0,0,0,0,0,0,0,0,4.71E+06,5.10E+06,0,0,0,0,0,0,0,0,0,0,0,0,5.17E+06,4.73E+06,4.52E+06,4.44E+06,4.44E+06,4.51E+06,0,0,0,0,0,0,0,0,5.10E+06,4.71E+06,4.52E+06,4.44E+06,4.44E+06,4.52E+06,4.72E+06,5.17E+06,0,0,0,0,1.78E+07,1.58E+07,1.14E+07,1.69E+07,1.76E+07,1.35E+07,1.05E+07,1.77E+07,1.76E+07,1.77E+07
4.13E+07,4.37E+07,3.90E+07,0,0,0,0,0,0,5.62E+06,5.31E+06,4.84E+06,5.09E+06,5.58E+06,5.13E+06,0,0,0,0,0,0,0,0,0,0,0,0,4.30E+06,2.18E+06,0,2.18E+06,4.30E+06,0,0,0,0,0,0,0,0,0,0,0,0,4.16E+06,2.06E+06,4.25E+05,2.36E+06,4.46E+06,5.62E+06,0,0,0,0,0,0,0,0,0,0,0,0,0,4.25E+06,4.15E+06,4.91E+06,0,0,0,0,0,0,0,0,0,0,0,0,5.17E+06,4.73E+06,4.52E+06,4.44E+06,4.43E+06,0,0,0,0,0,0,0,0,0,5.10E+06,4.71E+06,4.51E+06,4.43E+06,4.44E+06,4.52E+06,4.72E+06,5.17E+06,0,0,0,1.79E+07,1.77E+07,1.27E+07,1.55E+07,1.76E+07,1.56E+07,9.79E+06,1.64E+07,1.76E+07,1.77E+07
3.93E+07,4.37E+07,4.01E+07,0,0,0,0,0,0,0,5.62E+06,5.14E+06,5.58E+06,5.16E+06,5.12E+06,5.13E+06,0,0,0,0,0,0,0,0,0,0,0,0,4.30E+06,2.18E+06,0,2.18E+06,4.30E+06,0,0,0,0,0,0,0,0,0,0,0,0,3.90E+06,2.42E+06,2.34E+06,3.74E+06,5.53E+06,5.62E+06,0,0,0,0,0,0,0,0,0,0,0,0,2.25E+06,2.19E+06,3.68E+06,5.51E+06,0,0,0,0,0,0,0,0,0,0,0,0,5.17E+06,4.72E+06,4.52E+06,3.79E+06,0,0,0,0,0,0,0,0,0,0,5.10E+06,4.71E+06,4.52E+06,4.43E+06,4.43E+06,4.52E+06,4.73E+06,5.17E+06,0,0,1.79E+07,1.76E+07,1.44E+07,1.44E+07,1.75E+07,1.77E+07,1.02E+07,1.43E+07,1.76E+07,1.77E+07
3.76E+07,4.37E+07,4.14E+07,0,0,0,0,0,0,0,0,5.62E+06,5.15E+06,5.12E+06,5.16E+06,5.12E+06,5.13E+06,0,0,0,0,0,0,0,0,0,0,0,0,4.30E+06,2.18E+06,0,2.18E+06,4.30E+06,0,0,0,0,0,0,0,0,0,0,0,0,4.52E+06,3.78E+06,4.02E+06,5.09E+06,5.15E+06,5.62E+06,0,0,0,0,0,0,0,0,0,0,0,1.05E+06,1.18E+06,3.32E+06,5.39E+06,5.10E+06,0,0,0,0,0,0,0,0,0,0,0,0,5.17E+06,4.72E+06,3.19E+06,0,0,0,0,0,0,0,0,0,0,0,5.10E+06,4.71E+06,4.52E+06,4.44E+06,4.43E+06,4.52E+06,4.73E+06,5.17E+06,0,1.80E+07,1.76E+07,1.63E+07,1.35E+07,1.73E+07,1.76E+07,1.15E+07,1.23E+07,1.76E+07,1.77E+07
3.63E+07,4.38E+07,4.28E+07,0,0,0,0,0,0,0,0,0,5.62E+06,5.15E+06,5.12E+06,5.16E+06,5.12E+06,5.13E+06,0,0,0,0,0,0,0,0,0,0,0,0,4.30E+06,2.18E+06,0,2.18E+06,4.30E+06,0,0,0,0,0,0,0,0,0,0,0,0,5.58E+06,5.12E+06,5.31E+06,5.12E+06,5.14E+06,5.62E+06,0,0,0,0,0,0,0,0,0,0,2.55E+06,2.71E+06,4.12E+06,5.58E+06,4.71E+06,5.10E+06,0,0,0,0,0,0,0,0,0,0,0,0,5.17E+06,3.80E+06,0,0,0,0,0,0,0,0,0,0,0,0,5.10E+06,4.71E+06,4.52E+06,4.44E+06,4.44E+06,4.12E+06,4.19E+06,5.09E+06,1.80E+07,1.75E+07,1.82E+07,1.32E+07,1.52E+07,1.76E+07,1.35E+07,1.08E+07,1.76E+07,1.77E+07
3.57E+07,4.38E+07,4.42E+07,0,0,0,0,0,0,0,0,0,0,5.62E+06,5.14E+06,5.12E+06,5.05E+06,4.83E+06,5.13E+06,0,0,0,0,0,0,0,0,0,0,0,0,4.30E+06,2.18E+06,0,2.18E+06,4.30E+06,0,0,0,0,0,0,0,0,0,0,0,0,5.13E+06,5.12E+06,5.16E+06,5.12E+06,5.14E+06,5.62E+06,0,0,0,0,0,0,0,0,0,4.55E+06,4.70E+06,5.54E+06,4.43E+06,4.51E+06,4.71E+06,5.10E+06,0,0,0,0,0,0,0,0,0,0,0,0,5.18E+06,5.56E+06,0,0,0,0,0,0,0,0,0,0,0,0,5.10E+06,4.71E+06,4.52E+06,3.45E+06,2.04E+06,2.36E+06,3.98E+06,1.79E+07,1.75E+07,1.79E+07,1.34E+07,1.30E+07,1.76E+07,1.56E+07,1.01E+07,1.65E+07,1.77E+07
3.58E+07,4.38E+07,4.40E+07,0,0,0,0,0,0,0,0,0,0,0,5.62E+06,5.14E+06,4.80E+06,3.66E+06,3.44E+06,4.32E+06,0,0,0,0,0,0,0,0,0,0,0,0,4.30E+06,2.18E+06,0,2.18E+06,4.30E+06,0,0,0,0,0,0,0,0,0,0,0,0,5.13E+06,5.12E+06,5.16E+06,5.13E+06,5.14E+06,5.62E+06,0,0,0,0,0,0,0,0,5.17E+06,4.73E+06,4.52E+06,4.44E+06,4.43E+06,4.52E+06,4.71E+06,5.10E+06,0,0,0,0,0,0,0,0,0,0,0,0,5.56E+06,5.17E+06,0,0,0,0,0,0,0,0,0,0,0,0,5.10E+06,4.71E+06,2.81E+06,6.84E+05,1.58E+06,3.71E+06,1.79E+07,1.75E+07,1.80E+07,1.42E+07,1.12E+07,1.76E+07,1.78E+07,1.05E+07,1.43E+07,1.77E+07
3.67E+07,4.38E+07,4.40E+07,0,0,0,0,0,0,0,0,0,0,0,0,5.62E+06,5.14E+06,3.40E+06,1.91E+06,2.20E+06,3.87E+06,0,0,0,0,0,0,0,0,0,0,0,0,4.30E+06,2.18E+06,0,2.18E+06,4.30E+06,0,0,0,0,0,0,0,0,0,0,0,0,5.13E+06,5.12E+06,5.15E+06,5.13E+06,5.14E+06,5.62E+06,0,0,0,0,0,0,0,0,5.17E+06,4.72E+06,4.52E+06,4.44E+06,4.44E+06,4.52E+06,4.71E+06,5.10E+06,0,0,0,0,0,0,0,0,0,0,0,5.56E+06,4.73E+06,5.17E+06,0,0,0,0,0,0,0,0,0,0,0,0,5.10E+06,3.55E+06,2.49E+06,2.94E+06,4.45E+06,1.68E+07,1.76E+07,1.80E+07,1.53E+07,9.99E+06,1.76E+07,1.77E+07,1.18E+07,1.23E+07,1.77E+07
3.82E+07,4.28E+07,4.40E+07,0,0,0,0,0,0,0,0,0,0,0,0,0,5.62E+06,4.26E+06,2.13E+06,47319,2.22E+06,4.34E+06,0,0,0,0,0,0,0,0,0,0,0,0,4.30E+06,2.18E+06,0,2.18E+06,4.30E+06,0,0,0,0,0,0,0,0,0,0,0,0,5.13E+06,5.12E+06,4.81E+06,4.54E+06,5.06E+06,5.62E+06,0,0,0,0,0,0,0,0,5.17E+06,4.72E+06,4.52E+06,4.43E+06,4.44E+06,4.52E+06,4.71E+06,5.10E+06,0,0,0,0,0,0,0,0,0,0,4.43E+06,4.52E+06,4.73E+06,5.17E+06,0,0,0,0,0,0,0,0,0,0,0,0,5.05E+06,4.56E+06,4.84E+06,5.57E+06,1.54E+07,1.76E+07,1.79E+07,1.66E+07,9.85E+06,1.76E+07,1.77E+07,1.37E+07,1.07E+07,1.77E+07
4.01E+07,4.09E+07,4.40E+07,0,0,0,0,0,0,0,0,0,0,0,0,0,0,5.62E+06,3.81E+06,2.16E+06,1.97E+06,3.49E+06,5.36E+06,0,0,0,0,0,0,0,0,0,0,0,0,4.30E+06,2.18E+06,0,2.18E+06,4.30E+06,0,0,0,0,0,0,0,0,0,0,0,0,5.13E+06,4.57E+06,3.33E+06,3.11E+06,4.10E+06,5.62E+06,0,0,0,0,0,0,0,0,5.17E+06,4.73E+06,4.52E+06,4.43E+06,4.44E+06,4.52E+06,4.71E+06,5.10E+06,0,0,0,0,0,0,0,0,0,4.44E+06,4.44E+06,4.52E+06,4.72E+06,5.17E+06,0,0,0,0,0,0,0,0,0,0,0,0,5.10E+06,4.71E+06,4.52E+06,1.42E+07,1.76E+07,1.79E+07,1.80E+07,1.08E+07,1.76E+07,1.77E+07,1.57E+07,9.89E+06,1.63E+07
4.21E+07,3.90E+07,4.40E+07,5.13E+06,0,0,0,0,0,0,0,0,0,0,0,0,0,0,5.63E+06,4.28E+06,3.45E+06,3.71E+06,4.87E+06,0,0,0,0,0,0,0,0,0,0,0,0,0,4.30E+06,2.18E+06,0,2.18E+06,4.30E+06,0,0,0,0,0,0,0,0,0,0,0,0,5.11E+06,3.16E+06,1.53E+06,1.99E+06,3.83E+06,5.62E+06,0,0,0,0,0,0,0,0,5.17E+06,4.73E+06,4.52E+06,4.44E+06,4.44E+06,4.51E+06,4.71E+06,5.10E+06,0,0,0,0,0,0,0,0,4.52E+06,4.44E+06,4.44E+06,4.52E+06,4.72E+06,5.17E+06,0,0,0,0,0,0,0,0,0,0,0,0,5.10E+06,4.71E+06,1.34E+07,1.76E+07,1.78E+07,1.76E+07,1.26E+07,1.76E+07,1.77E+07,1.78E+07,1.02E+07,1.42E+07
4.41E+07,3.75E+07,4.40E+07,5.58E+06,5.13E+06,0,0,0,0,0,0,0,0,0,0,0,0,0,0,5.62E+06,5.31E+06,4.84E+06,5.09E+06,0,0,0,0,0,0,0,0,0,0,0,0,0,0,4.30E+06,2.18E+06,0,2.18E+06,4.30E+06,0,0,0,0,0,0,0,0,0,0,0,0,4.16E+06,2.06E+06,4.25E+05,2.36E+06,4.46E+06,5.62E+06,0,0,0,0,0,0,0,0,5.17E+06,4.73E+06,4.52E+06,4.44E+06,4.43E+06,4.25E+06,4.15E+06,4.91E+06,0,0,0,0,0,0,0,4.71E+06,4.51E+06,4.43E+06,4.44E+06,4.52E+06,4.72E+06,5.17E+06,0,0,0,0,0,0,0,0,0,0,0,0,5.10E+06,1.31E+07,1.77E+07,1.78E+07,1.76E+07,1.47E+07,1.76E+07,1.77E+07,1.76E+07,1.15E+07,1.22E+07
4.38E+07,3.64E+07,4.40E+07,5.16E+06,5.12E+06,5.13E+06,0,0,0,0,0,0,0,0,0,0,0,0,0,0,5.62E+06,5.14E+06,5.58E+06,0,0,0,0,0,0,0,0,0,0,0,0,0,0,0,4.30E+06,2.18E+06,0,2.18E+06,4.30E+06,0,0,0,0,0,0,0,0,0,0,0,0,3.90E+06,2.42E+06,2.34E+06,3.74E+06,5.53E+06,5.62E+06,0,0,0,0,0,0,0,0,5.17E+06,4.72E+06,4.52E+06,3.79E+06,2.25E+06,2.19E+06,3.68E+06,5.51E+06,0,0,0,0,0,0,5.10E+06,4.71E+06,4.52E+06,4.43E+06,4.43E+06,4.52E+06,4.73E+06,5.17E+06,0,0,0,0,0,0,0,0,0,0,0,0,1.34E+07,1.68E+07,1.77E+07,1.76E+07,1.68E+07,1.77E+07,1.77E+07,1.76E+07,1.34E+07,1.06E+07
4.38E+07,3.61E+07,4.40E+07,5.12E+06,5.16E+06,5.12E+06,5.13E+06,0,0,0,0,0,0,0,0,0,0,0,0,0,0,5.62E+06,5.15E+06,4.30E+06,0,0,0,0,0,0,0,0,0,0,0,0,0,0,0,4.30E+06,2.18E+06,0,2.18E+06,0,0,0,0,0,0,0,0,0,0,0,0,0,4.52E+06,3.78E+06,4.02E+06,5.09E+06,5.15E+06,5.62E+06,0,0,0,0,0,0,0,0,5.17E+06,4.72E+06,3.19E+06,1.05E+06,1.18E+06,3.32E+06,5.39E+06,5.10E+06,0,0,0,0,0,0,5.10E+06,4.71E+06,4.52E+06,4.44E+06,4.43E+06,4.52E+06,4.73E+06,5.17E+06,0,0,0,0,0,0,0,0,0,0,0,1.42E+07,1.49E+07,1.77E+07,1.76E+07,1.83E+07,1.65E+07,1.77E+07,1.76E+07,1.56E+07,9.93E+06
4.38E+07,3.64E+07,4.27E+07,5.15E+06,5.12E+06,5.16E+06,5.12E+06,5.13E+06,0,0,0,0,0,0,0,0,0,0,0,0,0,0,5.62E+06,2.18E+06,4.30E+06,0,0,0,0,0,0,0,0,0,0,0,0,0,0,0,4.30E+06,2.18E+06,0,0,0,0,0,0,0,0,0,0,0,0,0,0,0,5.58E+06,5.12E+06,5.31E+06,5.12E+06,5.14E+06,5.62E+06,0,0,0,0,0,0,0,0,5.17E+06,3.80E+06,2.55E+06,2.71E+06,4.12E+06,5.58E+06,4.71E+06,5.10E+06,0,0,0,0,0,0,5.10E+06,4.71E+06,4.52E+06,4.44E+06,4.44E+06,4.12E+06,4.19E+06,5.09E+06,0,0,0,0,0,0,0,0,0,0,1.53E+07,1.31E+07,1.77E+07,1.77E+07,1.78E+07,1.44E+07,1.77E+07,1.76E+07,1.77E+07,1.03E+07
4.38E+07,4.40E+07,3.54E+07,0,0,0,0,5.10E+06,4.71E+06,4.51E+06,2.85E+06,1.50E+06,2.37E+06,4.23E+06,5.56E+06,0,0,0,0,0,0,0,0,5.62E+06,5.14E+06,5.13E+06,4.81E+06,4.57E+06,5.11E+06,0,0,0,0,0,0,0,0,0,0,0,0,0,0,0,2.18E+06,4.30E+06,0,0,0,0,0,0,0,0,0,0,0,0,0,0,0,4.30E+06,2.18E+06,5.62E+06,0,0,0,0,0,0,0,0,0,0,0,0,0,0,5.13E+06,5.12E+06,5.16E+06,5.13E+06,5.14E+06,0,0,0,0,0,0,0,0,0,5.34E+06,4.92E+06,5.20E+06,5.57E+06,4.43E+06,4.52E+06,4.71E+06,5.10E+06,0,0,0,1.78E+07,1.69E+07,1.00E+07,1.52E+07,1.74E+07,1.18E+07,1.40E+07,1.78E+07,1.76E+07,1.82E+07
4.38E+07,4.40E+07,3.60E+07,0,0,0,0,0,5.10E+06,4.50E+06,2.44E+06,7.29E+05,2.13E+06,4.19E+06,5.56E+06,5.17E+06,0,0,0,0,0,0,0,0,5.62E+06,5.14E+06,4.54E+06,3.33E+06,3.16E+06,4.16E+06,0,0,0,0,0,0,0,0,0,0,0,0,0,2.18E+06,0,2.18E+06,4.30E+06,0,0,0,0,0,0,0,0,0,0,0,0,0,0,0,4.30E+06,5.15E+06,5.62E+06,0,0,0,0,0,0,0,0,0,0,0,0,0,0,5.13E+06,5.12E+06,5.15E+06,5.13E+06,0,0,0,0,0,0,0,0,0,0,5.17E+06,4.72E+06,4.52E+06,4.44E+06,4.44E+06,4.52E+06,4.71E+06,5.10E+06,0,0,1.78E+07,1.69E+07,9.98E+06,1.51E+07,1.75E+07,1.25E+07,1.20E+07,1.78E+07,1.76E+07,1.78E+07
4.32E+07,4.40E+07,3.74E+07,0,0,0,0,0,0,5.03E+06,3.56E+06,2.87E+06,3.54E+06,5.00E+06,4.52E+06,4.73E+06,5.17E+06,0,0,0,0,0,0,0,0,5.62E+06,5.06E+06,3.11E+06,1.53E+06,2.06E+06,3.90E+06,0,0,0,0,0,0,0,0,0,0,0,0,4.30E+06,2.18E+06,0,2.18E+06,4.30E+06,0,0,0,0,0,0,0,0,0,0,0,0,0,0,0,5.13E+06,5.15E+06,5.62E+06,0,0,0,0,0,0,0,0,0,0,0,0,0,0,5.13E+06,5.12E+06,5.16E+06,0,0,0,0,0,0,0,0,0,0,0,5.17E+06,4.72E+06,4.52E+06,4.43E+06,4.44E+06,4.52E+06,4.71E+06,5.10E+06,0,1.77E+07,1.71E+07,1.10E+07,1.54E+07,1.75E+07,1.39E+07,1.05E+07,1.78E+07,1.76E+07,1.78E+07
4.14E+07,4.40E+07,3.92E+07,0,0,0,0,0,0,0,5.25E+06,4.96E+06,5.36E+06,5.57E+06,4.44E+06,4.52E+06,4.72E+06,5.17E+06,0,0,0,0,0,0,0,0,5.62E+06,4.10E+06,1.99E+06,4.25E+05,2.42E+06,4.52E+06,0,0,0,0,0,0,0,0,0,0,0,0,4.30E+06,2.18E+06,0,2.18E+06,4.30E+06,0,0,0,0,0,0,0,0,0,0,0,0,0,0,4.55E+06,4.27E+06,4.84E+06,5.62E+06,0,0,0,0,0,0,0,0,0,0,0,0,0,0,5.13E+06,5.12E+06,0,0,0,0,0,0,0,0,0,0,0,0,5.17E+06,4.73E+06,4.52E+06,4.43E+06,4.44E+06,4.52E+06,4.71E+06,5.10E+06,1.77E+07,1.73E+07,1.28E+07,1.60E+07,1.75E+07,1.55E+07,9.81E+06,1.65E+07,1.76E+07,1.78E+07
3.97E+07,4.40E+07,4.13E+07,0,0,0,0,0,0,0,0,5.10E+06,4.71E+06,4.52E+06,4.44E+06,4.44E+06,4.52E+06,4.72E+06,5.17E+06,0,0,0,0,0,0,0,0,5.62E+06,3.83E+06,2.36E+06,2.34E+06,3.78E+06,5.58E+06,0,0,0,0,0,0,0,0,0,0,0,0,4.30E+06,2.18E+06,0,2.18E+06,4.30E+06,0,0,0,0,0,0,0,0,0,0,0,0,0,4.30E+06,2.99E+06,2.83E+06,3.97E+06,5.62E+06,0,0,0,0,0,0,0,0,0,0,0,0,0,0,5.13E+06,5.10E+06,0,0,0,0,0,0,0,0,0,0,0,0,5.17E+06,4.73E+06,4.52E+06,4.44E+06,4.43E+06,4.51E+06,4.71E+06,1.76E+07,1.76E+07,1.49E+07,1.67E+07,1.76E+07,1.72E+07,1.03E+07,1.49E+07,1.76E+07,1.78E+07
3.82E+07,4.40E+07,4.35E+07,0,0,0,0,0,0,0,0,0,5.10E+06,4.71E+06,4.51E+06,4.43E+06,4.44E+06,4.52E+06,4.72E+06,5.17E+06,0,0,0,0,0,0,0,0,5.62E+06,4.46E+06,3.74E+06,4.02E+06,5.12E+06,5.13E+06,0,0,0,0,0,0,0,0,0,0,0,0,4.30E+06,2.18E+06,0,2.18E+06,4.30E+06,0,0,0,0,0,0,0,0,0,0,0,0,4.89E+06,2.88E+06,1.14E+06,1.92E+06,3.89E+06,5.62E+06,0,0,0,0,0,0,0,0,0,0,0,0,0,0,4.71E+06,5.10E+06,0,0,0,0,0,0,0,0,0,0,0,0,5.17E+06,4.73E+06,4.52E+06,4.44E+06,4.43E+06,4.52E+06,1.76E+07,1.80E+07,1.70E+07,1.75E+07,1.76E+07,1.76E+07,1.17E+07,1.35E+07,1.76E+07,1.78E+07
3.71E+07,4.40E+07,4.37E+07,0,0,0,0,0,0,0,0,0,0,5.10E+06,4.71E+06,4.52E+06,4.44E+06,4.43E+06,4.52E+06,4.73E+06,5.17E+06,0,0,0,0,0,0,0,0,5.62E+06,5.53E+06,5.09E+06,5.31E+06,5.12E+06,5.13E+06,0,0,0,0,0,0,0,0,0,0,0,0,4.30E+06,2.18E+06,0,2.18E+06,4.30E+06,0,0,0,0,0,0,0,0,0,0,0,0,4.04E+06,1.99E+06,8.16E+05,2.61E+06,4.66E+06,5.62E+06,0,0,0,0,0,0,0,0,0,0,0,0,0,3.74E+06,3.86E+06,4.88E+06,0,0,0,0,0,0,0,0,0,0,0,0,5.17E+06,4.72E+06,4.52E+06,4.44E+06,4.44E+06,1.74E+07,1.83E+07,1.83E+07,1.83E+07,1.74E+07,1.76E+07,1.37E+07,1.25E+07,1.76E+07,1.78E+07
3.66E+07,4.38E+07,4.37E+07,0,0,0,0,0,0,0,0,0,0,0,5.10E+06,4.71E+06,4.52E+06,4.44E+06,4.43E+06,4.52E+06,4.73E+06,5.17E+06,0,0,0,0,0,0,0,0,5.62E+06,5.15E+06,5.12E+06,5.16E+06,5.12E+06,5.13E+06,0,0,0,0,0,0,0,0,0,0,0,0,4.30E+06,2.18E+06,0,2.18E+06,4.30E+06,0,0,0,0,0,0,0,0,0,0,0,0,3.96E+06,2.66E+06,2.70E+06,4.03E+06,5.60E+06,5.62E+06,0,0,0,0,0,0,0,0,0,0,0,0,1.66E+06,2.11E+06,3.90E+06,5.61E+06,0,0,0,0,0,0,0,0,0,0,0,0,5.17E+06,4.72E+06,4.52E+06,3.21E+06,1.55E+07,1.76E+07,1.76E+07,1.81E+07,1.58E+07,1.76E+07,1.58E+07,1.21E+07,1.71E+07,1.78E+07
3.68E+07,4.24E+07,4.37E+07,0,0,0,0,0,0,0,0,0,0,0,0,5.10E+06,4.71E+06,4.52E+06,4.44E+06,4.44E+06,4.52E+06,4.73E+06,5.17E+06,0,0,0,0,0,0,0,0,5.62E+06,5.14E+06,5.12E+06,5.16E+06,5.12E+06,5.13E+06,0,0,0,0,0,0,0,0,0,0,0,0,4.30E+06,2.18E+06,0,2.18E+06,4.30E+06,0,0,0,0,0,0,0,0,0,0,0,0,4.72E+06,4.06E+06,4.31E+06,5.32E+06,5.14E+06,5.62E+06,0,0,0,0,0,0,0,0,0,0,0,8.68E+05,1.75E+06,3.82E+06,5.59E+06,5.10E+06,0,0,0,0,0,0,0,0,0,0,0,0,5.17E+06,4.73E+06,2.80E+06,1.37E+07,1.76E+07,1.75E+07,1.81E+07,1.44E+07,1.76E+07,1.79E+07,1.24E+07,1.51E+07,1.77E+07
3.76E+07,4.09E+07,4.37E+07,5.10E+06,0,0,0,0,0,0,0,0,0,0,0,0,5.10E+06,4.71E+06,4.52E+06,4.44E+06,4.36E+06,3.64E+06,3.95E+06,0,0,0,0,0,0,0,0,0,5.62E+06,5.14E+06,5.13E+06,5.15E+06,5.12E+06,5.13E+06,0,0,0,0,0,0,0,0,0,0,0,0,4.30E+06,2.18E+06,0,2.18E+06,4.30E+06,0,0,0,0,0,0,0,0,0,0,0,0,5.58E+06,5.35E+06,5.51E+06,5.12E+06,5.14E+06,5.62E+06,0,0,0,0,0,0,0,0,0,0,2.86E+06,3.30E+06,4.69E+06,5.58E+06,4.71E+06,5.10E+06,0,0,0,0,0,0,0,0,0,0,0,0,5.17E+06,3.76E+06,1.22E+07,1.77E+07,1.75E+07,1.82E+07,1.33E+07,1.76E+07,1.78E+07,1.34E+07,1.31E+07,1.77E+07
3.89E+07,3.96E+07,4.37E+07,4.23E+06,5.56E+06,0,0,0,0,0,0,0,0,0,0,0,0,5.10E+06,4.71E+06,4.51E+06,2.85E+06,1.50E+06,2.37E+06,0,0,0,0,0,0,0,0,0,0,5.62E+06,5.14E+06,5.13E+06,4.81E+06,4.57E+06,5.11E+06,0,0,0,0,0,0,0,0,0,0,0,0,4.30E+06,2.18E+06,0,2.18E+06,4.30E+06,0,0,0,0,0,0,0,0,0,0,0,0,5.13E+06,5.12E+06,5.16E+06,5.13E+06,5.14E+06,5.62E+06,0,0,0,0,0,0,0,0,0,4.92E+06,5.20E+06,5.57E+06,4.43E+06,4.52E+06,4.71E+06,5.10E+06,0,0,0,0,0,0,0,0,0,0,0,0,5.34E+06,1.13E+07,1.77E+07,1.75E+07,1.82E+07,1.27E+07,1.76E+07,1.78E+07,1.48E+07,1.14E+07,1.77E+07
4.05E+07,3.86E+07,4.37E+07,4.19E+06,5.56E+06,5.17E+06,0,0,0,0,0,0,0,0,0,0,0,0,5.10E+06,4.50E+06,2.44E+06,7.29E+05,2.13E+06,0,0,0,0,0,0,0,0,0,0,0,5.62E+06,5.14E+06,4.54E+06,3.33E+06,3.16E+06,4.16E+06,0,0,0,0,0,0,0,0,0,0,0,0,4.30E+06,2.18E+06,0,2.18E+06,4.30E+06,0,0,0,0,0,0,0,0,0,0,0,0,5.13E+06,5.12E+06,5.15E+06,5.13E+06,5.15E+06,5.62E+06,0,0,0,0,0,0,0,0,5.17E+06,4.72E+06,4.52E+06,4.44E+06,4.44E+06,4.52E+06,4.71E+06,5.10E+06,0,0,0,0,0,0,0,0,0,0,0,0,1.12E+07,1.78E+07,1.75E+07,1.82E+07,1.27E+07,1.77E+07,1.77E+07,1.65E+07,1.04E+07,1.58E+07
4.23E+07,3.79E+07,4.37E+07,5.00E+06,4.52E+06,4.73E+06,5.17E+06,0,0,0,0,0,0,0,0,0,0,0,0,5.03E+06,3.56E+06,2.87E+06,3.54E+06,0,0,0,0,0,0,0,0,0,0,0,0,5.62E+06,5.06E+06,3.11E+06,1.53E+06,2.06E+06,3.90E+06,0,0,0,0,0,0,0,0,0,0,0,0,4.30E+06,2.18E+06,0,2.18E+06,4.30E+06,0,0,0,0,0,0,0,0,0,0,0,0,5.13E+06,5.12E+06,5.16E+06,5.13E+06,5.15E+06,5.62E+06,0,0,0,0,0,0,0,0,5.17E+06,4.72E+06,4.52E+06,4.43E+06,4.44E+06,4.52E+06,4.71E+06,5.10E+06,0,0,0,0,0,0,0,0,0,0,0,1.20E+07,1.79E+07,1.74E+07,1.82E+07,1.33E+07,1.77E+07,1.77E+07,1.81E+07,1.04E+07,1.39E+07
4.40E+07,3.78E+07,4.37E+07,5.57E+06,4.44E+06,4.52E+06,4.72E+06,5.17E+06,0,0,0,0,0,0,0,0,0,0,0,0,5.25E+06,4.96E+06,5.36E+06,0,0,0,0,0,0,0,0,0,0,0,0,0,5.62E+06,4.10E+06,1.99E+06,4.25E+05,2.42E+06,4.52E+06,0,0,0,0,0,0,0,0,0,0,0,0,4.30E+06,2.18E+06,0,2.18E+06,4.30E+06,0,0,0,0,0,0,0,0,0,0,0,0,5.13E+06,5.12E+06,4.55E+06,4.27E+06,4.84E+06,5.62E+06,0,0,0,0,0,0,0,0,5.17E+06,4.73E+06,4.52E+06,4.43E+06,4.44E+06,4.52E+06,4.71E+06,5.10E+06,0,0,0,0,0,0,0,0,0,0,1.34E+07,1.79E+07,1.74E+07,1.81E+07,1.44E+07,1.77E+07,1.77E+07,1.77E+07,1.14E+07,1.23E+07
4.38E+07,3.82E+07,4.37E+07,4.52E+06,4.44E+06,4.44E+06,4.52E+06,4.72E+06,5.17E+06,0,0,0,0,0,0,0,0,0,0,0,0,5.10E+06,4.71E+06,0,0,0,0,0,0,0,0,0,0,0,0,0,0,5.62E+06,3.83E+06,2.36E+06,2.34E+06,3.78E+06,5.58E+06,0,0,0,0,0,0,0,0,0,0,0,0,4.30E+06,2.18E+06,0,2.18E+06,4.30E+06,0,0,0,0,0,0,0,0,0,0,0,0,5.13E+06,4.30E+06,2.99E+06,2.83E+06,3.97E+06,5.62E+06,0,0,0,0,0,0,0,0,5.17E+06,4.73E+06,4.52E+06,4.44E+06,4.43E+06,4.51E+06,4.71E+06,5.10E+06,0,0,0,0,0,0,0,0,0,1.52E+07,1.80E+07,1.74E+07,1.80E+07,1.58E+07,1.78E+07,1.76E+07,1.77E+07,1.31E+07,1.12E+07
4.38E+07,3.90E+07,4.20E+07,4.71E+06,4.51E+06,4.43E+06,4.44E+06,4.52E+06,4.72E+06,5.17E+06,0,0,0,0,0,0,0,0,0,0,0,0,5.10E+06,5.13E+06,0,0,0,0,0,0,0,0,0,0,0,0,0,0,5.62E+06,4.46E+06,3.74E+06,4.02E+06,5.12E+06,0,0,0,0,0,0,0,0,0,0,0,0,0,4.30E+06,2.18E+06,0,2.18E+06,4.30E+06,0,0,0,0,0,0,0,0,0,0,0,0,4.89E+06,2.88E+06,1.14E+06,1.92E+06,3.89E+06,5.62E+06,0,0,0,0,0,0,0,0,5.17E+06,4.73E+06,4.52E+06,4.44E+06,4.43E+06,4.52E+06,4.71E+06,5.10E+06,0,0,0,0,0,0,0,0,1.71E+07,1.81E+07,1.74E+07,1.80E+07,1.74E+07,1.73E+07,1.76E+07,1.77E+07,1.51E+07,1.09E+07
4.38E+07,4.02E+07,3.99E+07,5.10E+06,4.71E+06,4.52E+06,4.44E+06,4.43E+06,4.52E+06,4.73E+06,5.17E+06,0,0,0,0,0,0,0,0,0,0,0,0,5.12E+06,5.13E+06,0,0,0,0,0,0,0,0,0,0,0,0,0,0,5.62E+06,5.53E+06,5.09E+06,5.31E+06,0,0,0,0,0,0,0,0,0,0,0,0,0,0,4.30E+06,2.18E+06,0,2.18E+06,4.30E+06,0,0,0,0,0,0,0,0,0,0,0,0,4.04E+06,1.99E+06,8.16E+05,2.61E+06,4.66E+06,5.62E+06,0,0,0,0,0,0,0,0,5.17E+06,4.72E+06,4.52E+06,4.44E+06,4.44E+06,3.74E+06,3.86E+06,4.88E+06,0,0,0,0,0,0,0,1.83E+07,1.78E+07,1.72E+07,1.78E+07,1.83E+07,1.56E+07,1.76E+07,1.77E+07,1.71E+07,1.16E+07
4.38E+07,4.16E+07,3.79E+07,0,5.10E+06,4.71E+06,4.52E+06,4.44E+06,4.43E+06,4.52E+06,4.73E+06,5.17E+06,0,0,0,0,0,0,0,0,0,0,0,5.16E+06,5.12E+06,5.13E+06,0,0,0,0,0,0,0,0,0,0,0,0,0,0,5.62E+06,5.15E+06,5.12E+06,0,0,0,0,0,0,0,0,0,0,0,0,0,0,0,4.30E+06,2.18E+06,0,2.18E+06,4.30E+06,0,0,0,0,0,0,0,0,0,0,0,0,3.96E+06,2.66E+06,2.70E+06,4.03E+06,5.60E+06,5.62E+06,0,0,0,0,0,0,0,0,5.17E+06,4.72E+06,4.52E+06,3.21E+06,1.66E+06,2.11E+06,3.90E+06,5.61E+06,0,0,0,0,0,0,1.80E+07,1.75E+07,1.50E+07,1.70E+07,1.74E+07,1.39E+07,1.76E+07,1.78E+07,1.76E+07,1.30E+07
4.38E+07,4.31E+07,3.64E+07,0,0,5.10E+06,4.71E+06,4.52E+06,4.44E+06,4.44E+06,4.52E+06,4.73E+06,5.17E+06,0,0,0,0,0,0,0,0,0,0,5.12E+06,5.16E+06,5.12E+06,5.13E+06,0,0,0,0,0,0,0,0,0,0,0,0,0,0,5.62E+06,5.14E+06,4.30E+06,0,0,0,0,0,0,0,0,0,0,0,0,0,0,0,4.30E+06,2.18E+06,0,2.18E+06,0,0,0,0,0,0,0,0,0,0,0,0,0,4.72E+06,4.06E+06,4.31E+06,5.32E+06,5.14E+06,5.62E+06,0,0,0,0,0,0,0,0,5.17E+06,4.73E+06,2.80E+06,8.68E+05,1.75E+06,3.82E+06,5.59E+06,5.10E+06,0,0,0,0,0,1.80E+07,1.72E+07,1.29E+07,1.62E+07,1.74E+07,1.26E+07,1.76E+07,1.78E+07,1.76E+07,1.47E+07
4.38E+07,4.45E+07,3.55E+07,0,0,0,5.10E+06,4.71E+06,4.52E+06,4.44E+06,4.36E+06,3.64E+06,3.95E+06,5.10E+06,0,0,0,0,0,0,0,0,0,5.14E+06,5.13E+06,5.15E+06,5.12E+06,5.13E+06,0,0,0,0,0,0,0,0,0,0,0,0,0,0,5.62E+06,2.18E+06,4.30E+06,0,0,0,0,0,0,0,0,0,0,0,0,0,0,0,4.30E+06,2.18E+06,0,0,0,0,0,0,0,0,0,0,0,0,0,0,0,5.58E+06,5.35E+06,5.51E+06,5.12E+06,5.14E+06,5.62E+06,0,0,0,0,0,0,0,0,5.17E+06,3.76E+06,2.86E+06,3.30E+06,4.69E+06,5.58E+06,4.71E+06,5.10E+06,0,0,0,0,1.79E+07,1.70E+07,1.11E+07,1.56E+07,1.74E+07,1.18E+07,1.62E+07,1.78E+07,1.76E+07,1.67E+07
3.81E+07,4.37E+07,4.05E+07,0,0,0,0,0,0,0,0,0,0,5.56E+06,5.33E+06,5.56E+06,5.57E+06,4.44E+06,4.52E+06,4.71E+06,5.10E+06,0,0,0,0,0,0,5.10E+06,4.71E+06,4.25E+06,2.25E+06,1.05E+06,2.55E+06,4.55E+06,5.17E+06,0,0,0,0,0,0,0,0,5.62E+06,5.14E+06,5.13E+06,4.55E+06,4.30E+06,4.90E+06,0,0,0,0,0,0,0,0,0,0,0,0,0,0,0,2.18E+06,4.30E+06,0,0,0,0,0,0,0,0,0,0,0,0,0,0,0,4.30E+06,2.18E+06,5.62E+06,0,0,0,0,0,0,0,0,0,0,0,0,0,0,5.13E+06,5.12E+06,5.15E+06,5.13E+06,5.15E+06,1.74E+07,1.79E+07,1.57E+07,1.27E+07,1.75E+07,1.75E+07,1.15E+07,1.29E+07,1.76E+07,1.76E+07
3.74E+07,4.37E+07,4.21E+07,0,0,0,0,0,0,0,0,0,0,0,5.17E+06,4.72E+06,4.52E+06,4.43E+06,4.44E+06,4.52E+06,4.71E+06,5.10E+06,0,0,0,0,0,0,5.10E+06,4.15E+06,2.19E+06,1.18E+06,2.71E+06,4.70E+06,4.73E+06,5.17E+06,0,0,0,0,0,0,0,0,5.62E+06,5.15E+06,4.27E+06,2.99E+06,2.88E+06,4.04E+06,0,0,0,0,0,0,0,0,0,0,0,0,0,2.18E+06,0,2.18E+06,4.30E+06,0,0,0,0,0,0,0,0,0,0,0,0,0,0,0,4.30E+06,5.15E+06,5.62E+06,0,0,0,0,0,0,0,0,0,0,0,0,0,0,5.13E+06,5.12E+06,5.16E+06,5.12E+06,1.75E+07,1.78E+07,1.66E+07,1.47E+07,1.77E+07,1.76E+07,1.14E+07,1.23E+07,1.77E+07,1.76E+07
3.73E+07,4.37E+07,4.37E+07,0,0,0,0,0,0,0,0,0,0,0,0,5.17E+06,4.73E+06,4.52E+06,4.44E+06,4.44E+06,4.52E+06,4.71E+06,5.10E+06,0,0,0,0,0,0,4.91E+06,3.68E+06,3.32E+06,4.12E+06,5.54E+06,4.52E+06,4.72E+06,5.17E+06,0,0,0,0,0,0,0,0,5.62E+06,4.84E+06,2.83E+06,1.14E+06,1.99E+06,3.96E+06,0,0,0,0,0,0,0,0,0,0,0,0,4.30E+06,2.18E+06,0,2.18E+06,4.30E+06,0,0,0,0,0,0,0,0,0,0,0,0,0,0,0,5.12E+06,5.14E+06,5.62E+06,0,0,0,0,0,0,0,0,0,0,0,0,0,0,5.13E+06,5.12E+06,5.16E+06,1.75E+07,1.78E+07,1.76E+07,1.68E+07,1.79E+07,1.76E+07,1.21E+07,1.24E+07,1.78E+07,1.75E+07
3.78E+07,4.37E+07,4.38E+07,5.10E+06,0,0,0,0,0,0,0,0,0,0,0,0,5.17E+06,4.73E+06,4.52E+06,4.44E+06,4.43E+06,4.51E+06,4.71E+06,0,0,0,0,0,0,0,5.51E+06,5.39E+06,5.58E+06,4.43E+06,4.44E+06,4.52E+06,4.72E+06,5.17E+06,0,0,0,0,0,0,0,0,5.62E+06,3.97E+06,1.92E+06,8.16E+05,2.66E+06,4.72E+06,0,0,0,0,0,0,0,0,0,0,0,0,4.30E+06,2.18E+06,0,2.18E+06,4.30E+06,0,0,0,0,0,0,0,0,0,0,0,0,0,0,4.27E+06,3.98E+06,4.63E+06,5.62E+06,0,0,0,0,0,0,0,0,0,0,0,0,0,0,5.13E+06,5.12E+06,1.74E+07,1.77E+07,1.83E+07,1.83E+07,1.81E+07,1.77E+07,1.34E+07,1.32E+07,1.78E+07,1.75E+07
3.87E+07,4.28E+07,4.38E+07,4.71E+06,5.10E+06,0,0,0,0,0,0,0,0,0,0,0,0,5.17E+06,4.73E+06,4.52E+06,4.44E+06,4.43E+06,4.52E+06,0,0,0,0,0,0,0,0,5.10E+06,4.71E+06,4.51E+06,4.43E+06,4.44E+06,4.52E+06,4.73E+06,5.17E+06,0,0,0,0,0,0,0,0,5.62E+06,3.89E+06,2.61E+06,2.70E+06,4.06E+06,5.58E+06,0,0,0,0,0,0,0,0,0,0,0,0,4.30E+06,2.18E+06,0,2.18E+06,4.30E+06,0,0,0,0,0,0,0,0,0,0,0,0,0,4.02E+06,2.64E+06,2.57E+06,3.88E+06,5.62E+06,0,0,0,0,0,0,0,0,0,0,0,0,0,0,5.13E+06,1.54E+07,1.63E+07,1.75E+07,1.78E+07,1.81E+07,1.77E+07,1.51E+07,1.45E+07,1.79E+07,1.75E+07
4.00E+07,4.06E+07,4.39E+07,4.52E+06,4.71E+06,5.10E+06,0,0,0,0,0,0,0,0,0,0,0,0,5.17E+06,4.72E+06,4.52E+06,4.44E+06,4.44E+06,0,0,0,0,0,0,0,0,0,5.10E+06,4.71E+06,4.52E+06,4.44E+06,4.43E+06,4.52E+06,4.73E+06,5.17E+06,0,0,0,0,0,0,0,0,5.62E+06,4.66E+06,4.03E+06,4.31E+06,5.35E+06,5.13E+06,0,0,0,0,0,0,0,0,0,0,0,0,4.30E+06,2.18E+06,0,2.18E+06,4.30E+06,0,0,0,0,0,0,0,0,0,0,0,0,4.69E+06,2.62E+06,7.56E+05,1.92E+06,3.99E+06,5.62E+06,0,0,0,0,0,0,0,0,0,0,0,0,0,0,1.35E+07,1.49E+07,1.75E+07,1.77E+07,1.81E+07,1.78E+07,1.69E+07,1.60E+07,1.80E+07,1.75E+07
4.16E+07,3.85E+07,4.39E+07,4.03E+06,3.25E+06,3.65E+06,4.93E+06,0,0,0,0,0,0,0,0,0,0,0,0,5.17E+06,4.72E+06,4.52E+06,4.43E+06,0,0,0,0,0,0,0,0,0,0,5.10E+06,4.71E+06,4.52E+06,4.44E+06,4.43E+06,4.52E+06,4.73E+06,5.17E+06,0,0,0,0,0,0,0,0,5.62E+06,5.60E+06,5.32E+06,5.51E+06,5.12E+06,5.13E+06,0,0,0,0,0,0,0,0,0,0,0,0,4.30E+06,2.18E+06,0,2.18E+06,4.30E+06,0,0,0,0,0,0,0,0,0,0,0,0,3.95E+06,1.99E+06,1.20E+06,2.88E+06,4.87E+06,5.62E+06,0,0,0,0,0,0,0,0,0,0,0,0,0,1.20E+07,1.38E+07,1.75E+07,1.77E+07,1.80E+07,1.79E+07,1.83E+07,1.76E+07,1.72E+07,1.74E+07
4.32E+07,3.68E+07,4.39E+07,2.62E+06,1.10E+06,2.22E+06,4.20E+06,5.61E+06,0,0,0,0,0,0,0,0,0,0,0,0,5.17E+06,4.73E+06,4.52E+06,0,0,0,0,0,0,0,0,0,0,0,5.10E+06,4.71E+06,4.52E+06,4.44E+06,4.44E+06,4.52E+06,4.72E+06,5.17E+06,0,0,0,0,0,0,0,0,5.62E+06,5.14E+06,5.12E+06,5.16E+06,5.12E+06,5.13E+06,0,0,0,0,0,0,0,0,0,0,0,0,4.30E+06,2.18E+06,0,2.18E+06,4.30E+06,0,0,0,0,0,0,0,0,0,0,0,0,4.06E+06,2.92E+06,3.05E+06,4.31E+06,5.60E+06,5.62E+06,0,0,0,0,0,0,0,0,0,0,0,0,1.10E+07,1.32E+07,1.76E+07,1.76E+07,1.80E+07,1.82E+07,1.75E+07,1.77E+07,1.65E+07,1.60E+07
